Vertex Count: 948

Data:

4.25789 7.51763 3.09354 0.591582 0.09962 0.798429 -0.161253 0.580093
3.26416 0 2.37155 0.591582 0.382976 0.798429 -0.161253 0.580093
3.83725 0 1.2468 0.545791 0.382976 0.93861 -0.161254 0.304972
3.09354 7.51763 4.25789 0.637373 0.09962 0.580093 -0.161253 0.79843
2.37155 0 3.26416 0.637373 0.382976 0.580093 -0.161253 0.79843
3.26416 0 2.37155 0.591582 0.382976 0.798429 -0.161253 0.580093
1.62637 7.51763 5.00545 0.683164 0.09962 0.304973 -0.161253 0.93861
1.2468 0 3.83725 0.683164 0.382976 0.304973 -0.161253 0.93861
2.37155 0 3.26416 0.637373 0.382976 0.580093 -0.161253 0.79843
0 7.51763 5.26304 0.728954 0.09962 -0 -0.161254 0.986913
0 0 4.03472 0.728954 0.382976 -0 -0.161254 0.986913
1.2468 0 3.83725 0.683164 0.382976 0.304973 -0.161253 0.93861
-1.62637 7.51763 5.00545 0.774745 0.09962 -0.304973 -0.161254 0.93861
-1.2468 0 3.83725 0.774745 0.382976 -0.304973 -0.161254 0.93861
0 0 4.03472 0.728954 0.382976 -0 -0.161254 0.986913
-3.09354 7.51763 4.25789 0.820536 0.09962 -0.580093 -0.161254 0.798429
-2.37155 0 3.26416 0.820536 0.382976 -0.580093 -0.161254 0.798429
-1.2468 0 3.83725 0.774745 0.382976 -0.304973 -0.161254 0.93861
-4.25789 7.51763 3.09354 0.866327 0.09962 -0.79843 -0.161253 0.580093
-3.26416 0 2.37155 0.866327 0.382976 -0.79843 -0.161253 0.580093
-2.37155 0 3.26416 0.820536 0.382976 -0.580093 -0.161254 0.798429
-5.00545 7.51763 1.62637 0.912118 0.09962 -0.93861 -0.161253 0.304973
-3.83725 0 1.2468 0.912118 0.382976 -0.93861 -0.161253 0.304973
-3.26416 0 2.37155 0.866327 0.382976 -0.79843 -0.161253 0.580093
-5.26304 7.51763 -0 0.957909 0.09962 -0.986913 -0.161253 -0
-4.03472 0 -0 0.957909 0.382976 -0.986913 -0.161253 -0
-3.83725 0 1.2468 0.912118 0.382976 -0.93861 -0.161253 0.304973
-5.00545 7.51763 -1.62637 0.087882 0.09962 -0.93861 -0.161253 -0.304973
-3.83725 0 -1.2468 0.087882 0.382976 -0.93861 -0.161253 -0.304973
-4.03472 0 -0 0.042091 0.382976 -0.986913 -0.161253 -0
-4.25789 7.51763 -3.09354 0.133673 0.09962 -0.798429 -0.161253 -0.580093
-3.26416 0 -2.37155 0.133673 0.382976 -0.798429 -0.161253 -0.580093
-3.83725 0 -1.2468 0.087882 0.382976 -0.93861 -0.161253 -0.304973
-3.09354 7.51763 -4.25789 0.179464 0.09962 -0.580093 -0.161253 -0.798429
-2.37155 0 -3.26416 0.179464 0.382976 -0.580093 -0.161253 -0.798429
-3.26416 0 -2.37155 0.133673 0.382976 -0.798429 -0.161253 -0.580093
-1.62637 7.51763 -5.00545 0.225255 0.09962 -0.304973 -0.161253 -0.93861
-1.2468 0 -3.83725 0.225255 0.382976 -0.304973 -0.161253 -0.93861
-2.37155 0 -3.26416 0.179464 0.382976 -0.580093 -0.161253 -0.798429
-0 7.51763 -5.26304 0.271046 0.09962 0 -0.161253 -0.986913
-0 0 -4.03472 0.271046 0.382976 0 -0.161253 -0.986913
-1.2468 0 -3.83725 0.225255 0.382976 -0.304973 -0.161253 -0.93861
1.62637 7.51763 -5.00545 0.316836 0.09962 0.304973 -0.161253 -0.93861
1.2468 0 -3.83725 0.316836 0.382976 0.304973 -0.161253 -0.93861
-0 0 -4.03472 0.271046 0.382976 0 -0.161253 -0.986913
3.09354 7.51763 -4.25789 0.362627 0.09962 0.580093 -0.161253 -0.79843
2.37155 0 -3.26416 0.362627 0.382976 0.580093 -0.161253 -0.798429
1.2468 0 -3.83725 0.316836 0.382976 0.304973 -0.161253 -0.93861
4.25789 7.51763 -3.09354 0.408418 0.09962 0.798429 -0.161253 -0.580093
3.26416 0 -2.37155 0.408418 0.382976 0.798429 -0.161253 -0.580093
2.37155 0 -3.26416 0.362627 0.382976 0.580093 -0.161253 -0.798429
5.00545 7.51763 -1.62637 0.454209 0.09962 0.93861 -0.161253 -0.304973
3.83725 0 -1.2468 0.454209 0.382976 0.93861 -0.161254 -0.304973
3.26416 0 -2.37155 0.408418 0.382976 0.798429 -0.161253 -0.580093
5.26304 7.51763 -0 0.5 0.09962 0.986913 -0.161254 -1e-06
4.03472 0 -0 0.5 0.382976 0.986913 -0.161254 -1e-06
3.83725 0 -1.2468 0.454209 0.382976 0.93861 -0.161254 -0.304973
5.00545 7.51763 1.62637 0.545791 0.09962 0.93861 -0.161254 0.304972
3.83725 0 1.2468 0.545791 0.382976 0.93861 -0.161254 0.304972
4.03472 0 -0 0.5 0.382976 0.986913 -0.161254 -1e-06
0 0 -0 3.13483 -0.48904 0 -1 -0
3.83725 0 1.2468 3.16342 -0.346633 0 -1 -0
3.26416 0 2.37155 3.04936 -0.368389 0 -1 -0
0 0 -0 3.13483 -0.48904 0 -1 -0
3.26416 0 2.37155 3.04936 -0.368389 0 -1 -0
2.37155 0 3.26416 2.98409 -0.464425 0 -1 -0
0 0 -0 3.13483 -0.48904 0 -1 -0
2.37155 0 3.26416 2.98409 -0.464425 0 -1 -0
1.2468 0 3.83725 3.00585 -0.578484 0 -1 -0
0 0 -0 3.13483 -0.48904 0 -1 -0
1.2468 0 3.83725 3.00585 -0.578484 0 -1 -0
0 0 4.03472 3.10188 -0.643753 0 -1 -0
0 0 -0 3.13483 -0.48904 0 -1 -0
0 0 4.03472 3.10188 -0.643753 0 -1 -0
-1.2468 0 3.83725 3.21594 -0.621997 0 -1 -0
0 0 -0 3.13483 -0.48904 0 -1 -0
-1.2468 0 3.83725 3.21594 -0.621997 0 -1 -0
-2.37155 0 3.26416 3.28121 -0.525961 0 -1 -0
0 0 -0 3.13483 -0.48904 0 -1 -0
-2.37155 0 3.26416 3.28121 -0.525961 0 -1 -0
-3.26416 0 2.37155 3.25945 -0.411901 0 -1 -0
0 0 -0 3.13483 -0.48904 0 -1 -0
-3.26416 0 2.37155 3.25945 -0.411901 0 -1 -0
-3.83725 0 1.2468 3.16342 -0.346633 0 -1 -0
0 0 -0 3.13483 -0.48904 0 -1 -0
-3.83725 0 1.2468 3.16342 -0.346633 0 -1 -0
-4.03472 0 -0 3.04936 -0.368389 0 -1 -0
0 0 -0 3.13483 -0.48904 0 -1 -0
-4.03472 0 -0 3.04936 -0.368389 0 -1 -0
-3.83725 0 -1.2468 2.98409 -0.464425 0 -1 -0
0 0 -0 3.13483 -0.48904 0 -1 -0
-3.83725 0 -1.2468 2.98409 -0.464425 0 -1 -0
-3.26416 0 -2.37155 3.00585 -0.578484 0 -1 -0
0 0 -0 3.13483 -0.48904 0 -1 -0
-3.26416 0 -2.37155 3.00585 -0.578484 0 -1 -0
-2.37155 0 -3.26416 3.10188 -0.643753 0 -1 -0
0 0 -0 3.13483 -0.48904 0 -1 -0
-2.37155 0 -3.26416 3.10188 -0.643753 0 -1 -0
-1.2468 0 -3.83725 3.21594 -0.621997 0 -1 -0
0 0 -0 3.13483 -0.48904 0 -1 -0
-1.2468 0 -3.83725 3.21594 -0.621997 0 -1 -0
-0 0 -4.03472 3.28121 -0.525961 0 -1 -0
0 0 -0 3.13483 -0.48904 0 -1 -0
-0 0 -4.03472 3.28121 -0.525961 0 -1 -0
1.2468 0 -3.83725 3.25945 -0.411901 0 -1 -0
0 0 -0 3.13483 -0.48904 0 -1 -0
1.2468 0 -3.83725 3.25945 -0.411901 0 -1 -0
2.37155 0 -3.26416 3.16342 -0.346633 0 -1 -0
0 0 -0 3.13483 -0.48904 0 -1 -0
2.37155 0 -3.26416 3.16342 -0.346633 0 -1 -0
3.26416 0 -2.37155 3.04936 -0.368389 0 -1 -0
0 0 -0 3.13483 -0.48904 0 -1 -0
3.26416 0 -2.37155 3.04936 -0.368389 0 -1 -0
3.83725 0 -1.2468 3.03661 -0.495193 0 -1 -0
0 0 -0 3.13483 -0.48904 0 -1 -0
3.83725 0 -1.2468 3.03661 -0.495193 0 -1 -0
4.03472 0 -0 3.2377 -0.473437 0 -1 -0
0 0 -0 3.13483 -0.48904 0 -1 -0
4.03472 0 -0 3.2377 -0.473437 0 -1 -0
3.83725 0 1.2468 3.16342 -0.346633 0 -1 -0
4.42606 7.51763 3.21572 -1.41042 0 0 -1 0
4.25789 7.51763 3.09354 -1.41042 0.084292 0 -1 0
5.00545 7.51763 1.62637 -1.45521 0.084292 0 -1 0
3.21572 7.51763 4.42606 -1.36564 0 0 -1 0
3.09354 7.51763 4.25789 -1.36564 0.084292 0 -1 0
4.25789 7.51763 3.09354 -1.41042 0.084292 0 -1 0
1.69061 7.51763 5.20315 -1.32085 0 0 -1 0
1.62637 7.51763 5.00545 -1.32085 0.084292 0 -1 0
3.09354 7.51763 4.25789 -1.36564 0.084292 0 -1 0
0 7.51763 5.47092 -1.27606 0 0 -1 0
0 7.51763 5.26304 -1.27606 0.084292 0 -1 0
1.62637 7.51763 5.00545 -1.32085 0.084292 0 -1 0
-1.69061 7.51763 5.20315 -1.23128 0 0 -1 -0
-1.62637 7.51763 5.00545 -1.23128 0.084292 0 -1 -0
0 7.51763 5.26304 -1.27606 0.084292 0 -1 -0
-3.21572 7.51763 4.42606 -1.18649 0 0 -1 1e-06
-3.09354 7.51763 4.25789 -1.18649 0.084292 0 -1 1e-06
-1.62637 7.51763 5.00545 -1.23128 0.084292 0 -1 1e-06
-4.42606 7.51763 3.21572 -1.1417 0 0 -1 -0
-4.25789 7.51763 3.09354 -1.1417 0.084292 0 -1 -0
-3.09354 7.51763 4.25789 -1.18649 0.084292 0 -1 -0
-5.20315 7.51763 1.69061 -1.09692 0 0 -1 -0
-5.00545 7.51763 1.62637 -1.09692 0.084292 0 -1 -0
-4.25789 7.51763 3.09354 -1.1417 0.084292 0 -1 -0
-5.47091 7.51763 -0 -1.05213 0 0 -1 -0
-5.26304 7.51763 -0 -1.05213 0.084292 0 -1 -0
-5.00545 7.51763 1.62637 -1.09692 0.084292 0 -1 -0
-5.20315 7.51763 -1.69061 -1.90308 0 0 -1 -0
-5.00545 7.51763 -1.62637 -1.90308 0.084292 0 -1 -0
-5.26304 7.51763 -0 -1.94787 0.084292 0 -1 -0
-4.42606 7.51763 -3.21572 -1.8583 0 0 -1 -0
-4.25789 7.51763 -3.09354 -1.8583 0.084292 0 -1 -0
-5.00545 7.51763 -1.62637 -1.90308 0.084292 0 -1 -0
-3.21572 7.51763 -4.42606 -1.81351 0 0 -1 -2e-06
-3.09354 7.51763 -4.25789 -1.81351 0.084292 0 -1 -2e-06
-4.25789 7.51763 -3.09354 -1.8583 0.084292 0 -1 -2e-06
-1.69061 7.51763 -5.20315 -1.76872 0 0 -1 -1e-06
-1.62637 7.51763 -5.00545 -1.76872 0.084292 0 -1 -1e-06
-3.09354 7.51763 -4.25789 -1.81351 0.084292 0 -1 -1e-06
-0 7.51763 -5.47091 -1.72394 0 0 -1 -0
-0 7.51763 -5.26304 -1.72394 0.084292 0 -1 -0
-1.62637 7.51763 -5.00545 -1.76872 0.084292 0 -1 -0
1.69061 7.51763 -5.20315 -1.67915 0 0 -1 -3e-06
1.62637 7.51763 -5.00545 -1.67915 0.084292 0 -1 -3e-06
-0 7.51763 -5.26304 -1.72394 0.084292 0 -1 -3e-06
3.21572 7.51763 -4.42606 -1.63436 0 0 -1 -1e-06
3.09354 7.51763 -4.25789 -1.63436 0.084292 0 -1 -1e-06
1.62637 7.51763 -5.00545 -1.67915 0.084292 0 -1 -1e-06
4.42606 7.51763 -3.21572 -1.58957 0 0 -1 -1e-06
4.25789 7.51763 -3.09354 -1.58957 0.084292 0 -1 -1e-06
3.09354 7.51763 -4.25789 -1.63436 0.084292 0 -1 -1e-06
5.20315 7.51763 -1.69061 -1.54479 0 0 -1 0
5.00545 7.51763 -1.62637 -1.54479 0.084292 0 -1 0
4.25789 7.51763 -3.09354 -1.58957 0.084292 0 -1 0
5.47091 7.51763 -0 -1.5 0 0 -1 0
5.26304 7.51763 -0 -1.5 0.084292 0 -1 0
5.00545 7.51763 -1.62637 -1.54479 0.084292 0 -1 0
5.20315 7.51763 1.69061 -1.45521 0 0 -1 0
5.00545 7.51763 1.62637 -1.45521 0.084292 0 -1 0
5.26304 7.51763 -0 -1.5 0.084292 0 -1 0
4.49862 9.40929 3.26844 -2.46463 0.00550902 0.808109 -0.047356 0.587126
4.42606 7.51763 3.21572 -2.46463 0.074869 0.808109 -0.047356 0.587126
5.20315 7.51763 1.69061 -2.50731 0.074869 0.94999 -0.047356 0.30867
3.26844 9.40929 4.49862 -2.42194 0.00550902 0.587126 -0.047356 0.808109
3.21572 7.51763 4.42606 -2.42194 0.074869 0.587126 -0.047356 0.808109
4.42606 7.51763 3.21572 -2.46463 0.074869 0.808109 -0.047356 0.587126
1.71832 9.40929 5.28844 -2.37925 0.00550902 0.30867 -0.047356 0.94999
1.69061 7.51763 5.20315 -2.37925 0.074869 0.30867 -0.047356 0.94999
3.21572 7.51763 4.42606 -2.42194 0.074869 0.587126 -0.047356 0.808109
0 9.40929 5.5606 -2.33657 0.00550902 -0 -0.047356 0.998878
0 7.51763 5.47092 -2.33657 0.074869 0 -0.047356 0.998878
1.69061 7.51763 5.20315 -2.37925 0.074869 0.30867 -0.047356 0.94999
-1.71832 9.40929 5.28844 -2.29388 0.00550902 -0.308671 -0.047356 0.949989
-1.69061 7.51763 5.20315 -2.29388 0.074869 -0.308671 -0.047356 0.949989
0 7.51763 5.47092 -2.33657 0.074869 0 -0.047356 0.998878
-3.26844 9.40929 4.49862 -2.25119 0.00550902 -0.587126 -0.047356 0.808109
-3.21572 7.51763 4.42606 -2.25119 0.074869 -0.587126 -0.047356 0.808109
-1.69061 7.51763 5.20315 -2.29388 0.074869 -0.308671 -0.047356 0.949989
-4.49862 9.40929 3.26844 -2.20851 0.00550902 -0.808109 -0.047356 0.587126
-4.42606 7.51763 3.21572 -2.20851 0.074869 -0.808109 -0.047356 0.587126
-3.21572 7.51763 4.42606 -2.25119 0.074869 -0.587126 -0.047356 0.808109
-5.28844 9.40929 1.71832 -2.16582 0.00550902 -0.94999 -0.047356 0.30867
-5.20315 7.51763 1.69061 -2.16582 0.074869 -0.94999 -0.047355 0.30867
-4.42606 7.51763 3.21572 -2.20851 0.074869 -0.808109 -0.047356 0.587126
-5.5606 9.40929 -0 -2.12313 0.00550902 -0.998878 -0.047356 0
-5.47091 7.51763 -0 -2.12313 0.074869 -0.998878 -0.047356 0
-5.20315 7.51763 1.69061 -2.16582 0.074869 -0.94999 -0.047355 0.30867
-5.28844 9.40929 -1.71832 -2.93418 0.00550902 -0.94999 -0.047356 -0.30867
-5.20315 7.51763 -1.69061 -2.93418 0.074869 -0.94999 -0.047356 -0.30867
-5.47091 7.51763 -0 -2.97687 0.074869 -0.998878 -0.047356 0
-4.49862 9.40929 -3.26844 -2.89149 0.00550902 -0.808109 -0.047356 -0.587126
-4.42606 7.51763 -3.21572 -2.89149 0.074869 -0.808109 -0.047356 -0.587126
-5.20315 7.51763 -1.69061 -2.93418 0.074869 -0.94999 -0.047356 -0.30867
-3.26844 9.40929 -4.49862 -2.84881 0.00550902 -0.587126 -0.047356 -0.808109
-3.21572 7.51763 -4.42606 -2.84881 0.074869 -0.587126 -0.047356 -0.808109
-4.42606 7.51763 -3.21572 -2.89149 0.074869 -0.808109 -0.047356 -0.587126
-1.71832 9.40929 -5.28844 -2.80612 0.00550902 -0.30867 -0.047355 -0.94999
-1.69061 7.51763 -5.20315 -2.80612 0.074869 -0.30867 -0.047355 -0.94999
-3.21572 7.51763 -4.42606 -2.84881 0.074869 -0.587126 -0.047356 -0.808109
0 9.40929 -5.5606 -2.76343 0.00550902 0 -0.047356 -0.998878
-0 7.51763 -5.47091 -2.76343 0.074869 0 -0.047356 -0.998878
-1.69061 7.51763 -5.20315 -2.80612 0.074869 -0.30867 -0.047355 -0.94999
1.71832 9.40929 -5.28844 -2.72075 0.00550902 0.30867 -0.047356 -0.94999
1.69061 7.51763 -5.20315 -2.72075 0.074869 0.30867 -0.047356 -0.94999
-0 7.51763 -5.47091 -2.76343 0.074869 0 -0.047356 -0.998878
3.26844 9.40929 -4.49862 -2.67806 0.00550902 0.587126 -0.047356 -0.808109
3.21572 7.51763 -4.42606 -2.67806 0.074869 0.587126 -0.047356 -0.80811
1.69061 7.51763 -5.20315 -2.72075 0.074869 0.30867 -0.047356 -0.94999
4.49862 9.40929 -3.26844 -2.63537 0.00550902 0.808109 -0.047356 -0.587126
4.42606 7.51763 -3.21572 -2.63537 0.074869 0.808109 -0.047356 -0.587126
3.21572 7.51763 -4.42606 -2.67806 0.074869 0.587126 -0.047356 -0.80811
5.28844 9.40929 -1.71832 -2.59269 0.00550902 0.94999 -0.047356 -0.30867
5.20315 7.51763 -1.69061 -2.59269 0.074869 0.94999 -0.047356 -0.30867
4.42606 7.51763 -3.21572 -2.63537 0.074869 0.808109 -0.047356 -0.587126
5.5606 9.40929 -0 -2.55 0.00550902 0.998878 -0.047356 -1e-06
5.47091 7.51763 -0 -2.55 0.074869 0.998878 -0.047356 -1e-06
5.20315 7.51763 -1.69061 -2.59269 0.074869 0.94999 -0.047356 -0.30867
5.28845 9.40929 1.71832 -2.50731 0.00550902 0.94999 -0.047356 0.30867
5.20315 7.51763 1.69061 -2.50731 0.074869 0.94999 -0.047356 0.30867
5.47091 7.51763 -0 -2.55 0.074869 0.998878 -0.047356 -1e-06
4.15399 9.40929 3.01805 -1.41043 0 0 1 -0
4.49862 9.40929 3.26844 -1.41043 0.084292 0 1 -0
5.28845 9.40929 1.71832 -1.45521 0.084292 0 1 -0
3.01805 9.40929 4.15399 -1.36564 0 0 1 -0
3.26844 9.40929 4.49862 -1.36564 0.084292 0 1 -0
4.49862 9.40929 3.26844 -1.41043 0.084292 0 1 -0
1.58668 9.40929 4.88331 -1.32085 0 0 1 1e-06
1.71832 9.40929 5.28844 -1.32085 0.084292 0 1 1e-06
3.26844 9.40929 4.49862 -1.36564 0.084292 0 1 1e-06
0 9.40929 5.13461 -1.27606 0 0 1 0
0 9.40929 5.5606 -1.27606 0.084292 0 1 0
1.71832 9.40929 5.28844 -1.32085 0.084292 0 1 0
-1.58668 9.40929 4.88331 -1.23128 0 0 1 2e-06
-1.71832 9.40929 5.28844 -1.23128 0.084292 0 1 2e-06
0 9.40929 5.5606 -1.27606 0.084292 0 1 2e-06
-3.01805 9.40929 4.15399 -1.18649 0 0 1 2e-06
-3.26844 9.40929 4.49862 -1.18649 0.084292 0 1 2e-06
-1.71832 9.40929 5.28844 -1.23128 0.084292 0 1 2e-06
-4.15399 9.40929 3.01805 -1.1417 0 0 1 1e-06
-4.49862 9.40929 3.26844 -1.1417 0.084292 0 1 1e-06
-3.26844 9.40929 4.49862 -1.18649 0.084292 0 1 1e-06
-4.88331 9.40929 1.58668 -1.09692 0 0 1 -0
-5.28844 9.40929 1.71832 -1.09692 0.084292 0 1 -0
-4.49862 9.40929 3.26844 -1.1417 0.084292 0 1 -0
-5.13461 9.40929 -0 -1.05213 0 0 1 0
-5.5606 9.40929 -0 -1.05213 0.084292 0 1 0
-5.28844 9.40929 1.71832 -1.09692 0.084292 0 1 0
-4.88331 9.40929 -1.58668 -1.90308 0 0 1 -0
-5.28844 9.40929 -1.71832 -1.90308 0.084292 0 1 -0
-5.5606 9.40929 -0 -1.94787 0.084292 0 1 -0
-4.15399 9.40929 -3.01805 -1.8583 0 0 1 -0
-4.49862 9.40929 -3.26844 -1.8583 0.084292 0 1 -0
-5.28844 9.40929 -1.71832 -1.90308 0.084292 0 1 -0
-3.01805 9.40929 -4.15399 -1.81351 0 0 1 -0
-3.26844 9.40929 -4.49862 -1.81351 0.084292 0 1 -0
-4.49862 9.40929 -3.26844 -1.8583 0.084292 0 1 -0
-1.58668 9.40929 -4.88331 -1.76872 0 0 1 -1e-06
-1.71832 9.40929 -5.28844 -1.76872 0.084292 0 1 -1e-06
-3.26844 9.40929 -4.49862 -1.81351 0.084292 0 1 -1e-06
-0 9.40929 -5.13461 -1.72394 0 0 1 -0
0 9.40929 -5.5606 -1.72394 0.084292 0 1 -0
-1.71832 9.40929 -5.28844 -1.76872 0.084292 0 1 -0
1.58668 9.40929 -4.88331 -1.67915 0 0 1 0
1.71832 9.40929 -5.28844 -1.67915 0.084292 0 1 0
0 9.40929 -5.5606 -1.72394 0.084292 0 1 0
3.01805 9.40929 -4.15399 -1.63436 0 0 1 0
3.26844 9.40929 -4.49862 -1.63436 0.084292 0 1 0
1.71832 9.40929 -5.28844 -1.67915 0.084292 0 1 0
4.15399 9.40929 -3.01805 -1.58958 0 0 1 -0
4.49862 9.40929 -3.26844 -1.58958 0.084292 0 1 -0
3.26844 9.40929 -4.49862 -1.63436 0.084292 0 1 -0
4.8833 9.40929 -1.58668 -1.54479 0 0 1 -0
5.28844 9.40929 -1.71832 -1.54479 0.084292 0 1 -0
4.49862 9.40929 -3.26844 -1.58958 0.084292 0 1 -0
5.13461 9.40929 -0 -1.5 0 0 1 -0
5.5606 9.40929 -0 -1.5 0.084292 0 1 -0
5.28844 9.40929 -1.71832 -1.54479 0.084292 0 1 -0
4.88331 9.40929 1.58668 -1.45521 0 0 1 -0
5.28845 9.40929 1.71832 -1.45521 0.084292 0 1 -0
5.5606 9.40929 -0 -1.5 0.084292 0 1 -0
3.96298 8.49149 2.87928 -2.46408 0.074869 -0.783509 0.249126 -0.569254
4.15399 9.40929 3.01805 -2.46408 0.00550902 -0.783509 0.249126 -0.569253
4.88331 9.40929 1.58668 -2.50704 0.00550902 -0.921071 0.249126 -0.299273
2.87928 8.49149 3.96298 -2.42112 0.074869 -0.569253 0.249126 -0.78351
3.01805 9.40929 4.15399 -2.42112 0.00550902 -0.569253 0.249126 -0.783509
4.15399 9.40929 3.01805 -2.46408 0.00550902 -0.783509 0.249126 -0.569253
1.51373 8.49149 4.65877 -2.37815 0.074869 -0.299274 0.249127 -0.921071
1.58668 9.40929 4.88331 -2.37815 0.00550902 -0.299274 0.249127 -0.921071
3.01805 9.40929 4.15399 -2.42112 0.00550902 -0.569253 0.249126 -0.783509
0 8.49149 4.89852 -2.3352 0.074869 0 0.249127 -0.968471
0 9.40929 5.13461 -2.3352 0.00550902 0 0.249127 -0.968471
1.58668 9.40929 4.88331 -2.37815 0.00550902 -0.299274 0.249127 -0.921071
-1.51373 8.49149 4.65877 -2.29223 0.074869 0.299274 0.249126 -0.921071
-1.58668 9.40929 4.88331 -2.29223 0.00550902 0.299274 0.249126 -0.921071
0 9.40929 5.13461 -2.3352 0.00550902 0 0.249127 -0.968471
-2.87928 8.49149 3.96298 -2.24927 0.074869 0.569253 0.249125 -0.78351
-3.01805 9.40929 4.15399 -2.24927 0.00550902 0.569253 0.249125 -0.78351
-1.58668 9.40929 4.88331 -2.29223 0.00550902 0.299274 0.249126 -0.921071
-3.96298 8.49149 2.87928 -2.20631 0.074869 0.78351 0.249126 -0.569253
-4.15399 9.40929 3.01805 -2.20631 0.00550902 0.78351 0.249126 -0.569253
-3.01805 9.40929 4.15399 -2.24927 0.00550902 0.569253 0.249125 -0.78351
-4.65877 8.49149 1.51373 -2.16335 0.074869 0.921071 0.249126 -0.299274
-4.88331 9.40929 1.58668 -2.16335 0.00550902 0.921071 0.249126 -0.299274
-4.15399 9.40929 3.01805 -2.20631 0.00550902 0.78351 0.249126 -0.569253
-4.89852 8.49149 -0 -2.12039 0.074869 0.968471 0.249127 -0
-5.13461 9.40929 -0 -2.12039 0.00550902 0.968471 0.249127 -0
-4.88331 9.40929 1.58668 -2.16335 0.00550902 0.921071 0.249126 -0.299274
-4.65877 8.49149 -1.51373 -2.93665 0.074869 0.921071 0.249127 0.299274
-4.88331 9.40929 -1.58668 -2.93665 0.00550902 0.92107 0.249127 0.299274
-5.13461 9.40929 -0 -2.97961 0.00550902 0.968471 0.249127 -0
-3.96298 8.49149 -2.87928 -2.89369 0.074869 0.783509 0.249127 0.569253
-4.15399 9.40929 -3.01805 -2.89369 0.00550902 0.783509 0.249127 0.569253
-4.88331 9.40929 -1.58668 -2.93665 0.00550902 0.92107 0.249127 0.299274
-2.87928 8.49149 -3.96298 -2.85073 0.074869 0.569253 0.249127 0.783509
-3.01805 9.40929 -4.15399 -2.85073 0.00550902 0.569253 0.249127 0.783509
-4.15399 9.40929 -3.01805 -2.89369 0.00550902 0.783509 0.249127 0.569253
-1.51373 8.49149 -4.65877 -2.80777 0.074869 0.299274 0.249127 0.92107
-1.58668 9.40929 -4.88331 -2.80777 0.00550902 0.299274 0.249127 0.921071
-3.01805 9.40929 -4.15399 -2.85073 0.00550902 0.569253 0.249127 0.783509
-0 8.49149 -4.89852 -2.76481 0.074869 0 0.249127 0.968471
-0 9.40929 -5.13461 -2.76481 0.00550902 0 0.249127 0.968471
-1.58668 9.40929 -4.88331 -2.80777 0.00550902 0.299274 0.249127 0.921071
1.51372 8.49149 -4.65877 -2.72184 0.074869 -0.299274 0.249127 0.92107
1.58668 9.40929 -4.88331 -2.72184 0.00550902 -0.299274 0.249127 0.92107
-0 9.40929 -5.13461 -2.76481 0.00550902 0 0.249127 0.968471
2.87928 8.49149 -3.96298 -2.67888 0.074869 -0.569253 0.249127 0.783509
3.01805 9.40929 -4.15399 -2.67888 0.00550902 -0.569253 0.249127 0.783509
1.58668 9.40929 -4.88331 -2.72184 0.00550902 -0.299274 0.249127 0.92107
3.96298 8.49149 -2.87928 -2.63592 0.074869 -0.783509 0.249126 0.569253
4.15399 9.40929 -3.01805 -2.63592 0.00550902 -0.78351 0.249126 0.569253
3.01805 9.40929 -4.15399 -2.67888 0.00550902 -0.569253 0.249127 0.783509
4.65877 8.49149 -1.51373 -2.59296 0.074869 -0.921071 0.249126 0.299274
4.8833 9.40929 -1.58668 -2.59296 0.00550902 -0.921071 0.249126 0.299274
4.15399 9.40929 -3.01805 -2.63592 0.00550902 -0.78351 0.249126 0.569253
4.89852 8.49149 -0 -2.55 0.074869 -0.968471 0.249126 1e-06
5.13461 9.40929 -0 -2.55 0.00550902 -0.968471 0.249126 1e-06
4.8833 9.40929 -1.58668 -2.59296 0.00550902 -0.921071 0.249126 0.299274
4.65877 8.49149 1.51373 -2.50704 0.074869 -0.921071 0.249126 -0.299273
4.88331 9.40929 1.58668 -2.50704 0.00550902 -0.921071 0.249126 -0.299273
5.13461 9.40929 -0 -2.55 0.00550902 -0.968471 0.249126 1e-06
0 10.6253 -0 0.873552 0.585396 0 1 0
3.19748 8.60126 4.40095 0.946426 0.680738 0.20497 0.937228 0.282118
5.17363 8.60126 1.68101 0.991464 0.618749 0.331649 0.937228 0.107759
0 10.6253 -0 0.873552 0.585396 0 1 0
0 8.60126 5.43988 0.873552 0.704416 0 0.937228 0.348716
3.19748 8.60126 4.40095 0.946426 0.680738 0.20497 0.937228 0.282118
0 10.6253 -0 0.873552 0.585396 0 1 0
-3.19748 8.60126 4.40095 0.800679 0.680738 -0.20497 0.937228 0.282118
0 8.60126 5.43988 0.873552 0.704416 0 0.937228 0.348716
0 10.6253 -0 0.873552 0.585396 0 1 0
-5.17363 8.60126 1.68101 0.755641 0.618749 -0.331649 0.937228 0.107759
-3.19748 8.60126 4.40095 0.800679 0.680738 -0.20497 0.937228 0.282118
0 10.6253 -0 0.873552 0.585396 0 1 0
-5.17363 8.60126 -1.68101 0.755641 0.542125 -0.331649 0.937228 -0.107759
-5.17363 8.60126 1.68101 0.755641 0.618749 -0.331649 0.937228 0.107759
0 10.6253 -0 0.873552 0.585396 0 1 0
-3.19748 8.60126 -4.40095 0.800679 0.480135 -0.20497 0.937228 -0.282118
-5.17363 8.60126 -1.68101 0.755641 0.542125 -0.331649 0.937228 -0.107759
0 10.6253 -0 0.873552 0.585396 0 1 0
-0 8.60126 -5.43987 0.873552 0.456457 0 0.937228 -0.348717
-3.19748 8.60126 -4.40095 0.800679 0.480135 -0.20497 0.937228 -0.282118
0 10.6253 -0 0.873552 0.585396 0 1 0
3.19748 8.60126 -4.40095 0.946426 0.480135 0.20497 0.937228 -0.282117
-0 8.60126 -5.43987 0.873552 0.456457 0 0.937228 -0.348717
0 10.6253 -0 0.873552 0.585396 0 1 0
5.17363 8.60126 -1.68101 0.991464 0.542125 0.331649 0.937228 -0.107759
3.19748 8.60126 -4.40095 0.946426 0.480135 0.20497 0.937228 -0.282117
0 10.6253 -0 0.873552 0.585396 0 1 0
5.17363 8.60126 1.68101 0.991464 0.618749 0.331649 0.937228 0.107759
5.17363 8.60126 -1.68101 0.991464 0.542125 0.331649 0.937228 -0.107759
2.49938 13.4067 3.52837 0.145216 0.635283 -0.863848 0.501421 -0.04841
2.49938 13.4067 -0 0.145216 0.697365 -0.864862 0.50201 0
0 8.43874 -0 0.047792 0.697365 -0.893317 0.449426 -0
5.21606 18.1086 3.52837 0.242639 0.635283 -0.708548 0.687708 -0.158172
5.72067 17.6106 -0 0.242639 0.697365 -0.71676 0.69732 -8.2e-05
2.49938 13.4067 -0 0.145216 0.697365 -0.864862 0.50201 0
2.49938 13.4067 -0 0.145216 0.697365 -0.864862 0.50201 0
2.49938 13.4067 -3.67726 0.145216 0.762066 -0.863928 0.501468 0.046454
0 8.43874 -3.67726 0.047792 0.762066 -0.893317 0.449426 -0
5.72067 17.6106 -0 0.242639 0.697365 -0.71676 0.69732 -8.2e-05
5.21606 18.1086 -3.67726 0.242639 0.762066 -0.709273 0.688372 0.15191
2.49938 13.4067 -3.67726 0.145216 0.762066 -0.863928 0.501468 0.046454
0.33542 13.1795 4.55957 0.145216 0.635283 -0.862903 0.396462 -0.313394
1.53778 13.6293 1.27303 0.145216 0.697365 -0.880432 0.390749 -0.268617
-0 8.43874 -0 0.047792 0.697365 -0.898563 0.33557 -0.282803
2.11635 18.1342 5.88926 0.242639 0.635283 -0.710754 0.612461 -0.346007
3.86457 18.1541 2.74357 0.242639 0.697365 -0.773746 0.600788 -0.200927
1.53778 13.6293 1.27303 0.145216 0.697365 -0.880432 0.390749 -0.268617
1.53778 13.6293 1.27303 0.145216 0.697365 -0.880432 0.390749 -0.268617
2.79087 14.0981 -2.1522 0.145216 0.762066 -0.895312 0.384404 -0.225056
1.25309 8.90755 -3.42523 0.047792 0.762066 -0.898563 0.33557 -0.282802
3.86457 18.1541 2.74357 0.242639 0.697365 -0.773746 0.600788 -0.200927
4.5718 19.0528 -0.822513 0.242639 0.762066 -0.817196 0.573496 -0.057382
2.79087 14.0981 -2.1522 0.145216 0.762066 -0.895312 0.384404 -0.225056
-1.3379 14.4511 6.33486 0.145216 0.635283 -0.378093 0.648223 -0.660948
2.58359 14.3896 3.68452 0.145216 0.697365 -0.418689 0.649615 -0.634587
0 8.43874 0 0.047792 0.697365 -0.440171 0.603025 -0.665289
1.36589 19.9984 10.2066 0.242639 0.635283 -0.181148 0.802027 -0.569155
5.58442 19.1577 8.01386 0.242639 0.697365 -0.315554 0.815018 -0.485975
2.58359 14.3896 3.68452 0.145216 0.697365 -0.418689 0.649615 -0.634587
2.58359 14.3896 3.68452 0.145216 0.697365 -0.418689 0.649615 -0.634587
6.67056 14.3254 0.922342 0.145216 0.762066 -0.456723 0.649517 -0.607891
4.08697 8.37459 -2.76218 0.047792 0.762066 -0.440171 0.603025 -0.665289
5.58442 19.1577 8.01386 0.242639 0.697365 -0.315554 0.815018 -0.485975
9.37434 19.8727 4.79408 0.242639 0.762066 -0.438362 0.806844 -0.396033
6.67056 14.3254 0.922342 0.145216 0.762066 -0.456723 0.649517 -0.607891
-3.43228 13.0219 3.25446 0.145216 0.635283 0.12812 0.658018 -0.742023
0.084601 12.8069 3.44087 0.145216 0.697365 0.079961 0.661743 -0.745454
-0 8.43874 0 0.047792 0.697365 0.079194 0.615903 -0.783832
-3.37465 17.0869 6.85458 0.242639 0.635283 0.236762 0.802983 -0.546957
0.085489 16.2851 7.43483 0.242639 0.697365 0.080184 0.82364 -0.561416
0.084601 12.8069 3.44087 0.145216 0.697365 0.079961 0.661743 -0.745454
0.084601 12.8069 3.44087 0.145216 0.697365 0.079961 0.661743 -0.745454
3.74988 12.5829 3.63516 0.145216 0.762066 0.033572 0.663859 -0.747104
3.66528 8.21471 0.194285 0.047792 0.762066 0.079194 0.615903 -0.783832
0.085489 16.2851 7.43483 0.242639 0.697365 0.080184 0.82364 -0.561416
3.80751 16.6479 7.23529 0.242639 0.762066 -0.072232 0.822668 -0.563915
3.74988 12.5829 3.63516 0.145216 0.762066 0.033572 0.663859 -0.747104
-2.30645 15.8239 -1.03405 0.145216 0.635283 0.794917 0.19721 -0.573773
0.344364 14.709 2.00193 0.145216 0.697365 0.773353 0.206601 -0.599368
0 8.43874 0 0.047792 0.697365 0.771648 0.154605 -0.616974
0.344364 14.709 2.00193 0.145216 0.697365 0.773353 0.206601 -0.599368
3.10703 13.547 5.16603 0.145216 0.762066 0.751782 0.215378 -0.623247
2.76267 7.27679 3.1641 0.047792 0.762066 0.771648 0.154605 -0.616974
-2.95132 13.6151 -0.519651 0.145216 0.635283 0.848336 0.52127 0.092752
-2.27349 12.3035 2.32425 0.145216 0.697365 0.83908 0.54172 0.049845
0 8.43874 -0 0.047792 0.697365 0.867532 0.496877 0.022382
-5.41471 17.241 1.73972 0.242639 0.635283 0.717502 0.629762 0.297643
-5.17921 15.4734 4.47876 0.242639 0.697365 0.691967 0.70401 0.159847
-2.27349 12.3035 2.32425 0.145216 0.697365 0.83908 0.54172 0.049845
-2.27349 12.3035 2.32425 0.145216 0.697365 0.83908 0.54172 0.049845
-1.56706 10.9366 5.28817 0.145216 0.762066 0.828347 0.56015 0.008562
0.706434 7.07181 2.96391 0.047792 0.762066 0.867532 0.496877 0.022382
-5.17921 15.4734 4.47876 0.242639 0.697365 0.691967 0.70401 0.159847
-4.03045 14.5625 7.54753 0.242639 0.762066 0.652607 0.75736 0.022579
-1.56706 10.9366 5.28817 0.145216 0.762066 0.828347 0.56015 0.008562
-1.46257 14.6697 -1.55349 0.145216 0.635283 0.694295 0.346149 0.63098
-2.90782 13.0218 1.2115 0.145216 0.697365 0.714962 0.369191 0.59374
0 8.43874 -0 0.047792 0.697365 0.747546 0.320514 0.581761
-4.53169 19.0368 -0.554982 0.242639 0.635283 0.482799 0.472859 0.737095
-6.3672 16.993 1.77004 0.242639 0.697365 0.554116 0.554945 0.620477
-2.90782 13.0218 1.2115 0.145216 0.697365 0.714962 0.369191 0.59374
-2.90782 13.0218 1.2115 0.145216 0.697365 0.714962 0.369191 0.59374
-4.41406 11.3044 4.09316 0.145216 0.762066 0.733219 0.390488 0.556695
-1.50624 6.72132 2.88166 0.047792 0.762066 0.747546 0.320514 0.581761
-6.3672 16.993 1.77004 0.242639 0.697365 0.554116 0.554945 0.620477
-7.48318 15.6715 5.09166 0.242639 0.762066 0.611064 0.618986 0.493414
-4.41406 11.3044 4.09316 0.145216 0.762066 0.733219 0.390488 0.556695
3.37968 15.9573 -3.92435 0.145216 0.635283 0.474356 0.258777 0.84144
-0.786644 15.9856 -1.36243 0.145216 0.697365 0.507238 0.258745 0.822047
0 8.43874 -0 0.047792 0.697365 0.513792 0.203993 0.833309
-0.786644 15.9856 -1.36243 0.145216 0.697365 0.507238 0.258745 0.822047
-5.12878 16.015 1.30759 0.145216 0.762066 0.538095 0.25836 0.802312
-4.34213 8.46815 2.67002 0.047792 0.762066 0.513792 0.203993 0.833309
3.90243 13.1845 -2.37189 0.145216 0.635283 0.110021 0.398558 0.91052
0.426441 13.6265 -1.95776 0.145216 0.697365 0.157897 0.392954 0.9059
0 8.43874 -0 0.047792 0.697365 0.153589 0.33781 0.928598
4.26996 18.1357 -4.57165 0.242639 0.635283 0.011551 0.614071 0.789167
0.673634 18.1464 -4.70718 0.242639 0.697365 0.16946 0.602771 0.779711
0.426441 13.6265 -1.95776 0.145216 0.697365 0.157897 0.392954 0.9059
0.426441 13.6265 -1.95776 0.145216 0.697365 0.157897 0.392954 0.9059
-3.19623 14.0872 -1.52616 0.145216 0.762066 0.203491 0.386711 0.89947
-3.62267 8.8994 0.431602 0.047792 0.762066 0.153589 0.33781 0.928598
0.673634 18.1464 -4.70718 0.242639 0.697365 0.16946 0.602771 0.779711
-2.8287 19.0384 -3.72592 0.242639 0.762066 0.317197 0.575795 0.753556
-3.19623 14.0872 -1.52616 0.145216 0.762066 0.203491 0.386711 0.89947
4.8731 15.1472 3.82119 0.145216 0.635283 -0.4823 -0.108046 0.869317
0.526117 15.9346 1.72207 0.145216 0.697365 -0.448706 -0.114274 0.886344
-0 8.43874 -0 0.047792 0.697365 -0.453263 -0.169244 0.875162
0.526117 15.9346 1.72207 0.145216 0.697365 -0.448706 -0.114274 0.886344
-4.00429 16.7551 -0.465622 0.145216 0.762066 -0.415854 -0.120093 0.901467
-4.53041 9.25931 -2.1877 0.047792 0.762066 -0.453263 -0.169244 0.875162
14.6067 17.2556 21.4082 0.563341 0.69736 0.455425 0.597512 0.659975
18.7174 17.3106 18.6778 0.56276 0.762066 0.438139 0.599066 0.67019
17.8537 19.0783 17.3587 0.510742 0.762066 0.320365 0.764939 0.55878
10.709 17.4363 24.0903 0.562761 0.635283 0.472061 0.598552 0.64722
14.6067 17.2556 21.4082 0.563341 0.69736 0.455425 0.597512 0.659975
13.7014 18.9547 20.0285 0.509892 0.697392 0.367462 0.765017 0.528885
12.4694 20.0416 18.4334 0.462563 0.695533 0.276643 0.882154 0.381146
16.7849 20.5614 15.7429 0.461839 0.762066 0.179748 0.879929 0.439791
15.5901 21.5493 13.952 0.418234 0.762066 0.005243 0.957258 0.289187
8.77649 20.6871 21.1555 0.46184 0.635283 0.367014 0.875473 0.314401
12.4694 20.0416 18.4334 0.462563 0.695533 0.276643 0.882154 0.381146
11.3615 20.9051 16.5212 0.41625 0.697246 0.144845 0.969471 0.197855
9.5684 21.1128 13.9619 0.361467 0.696754 0.037432 0.998936 0.026935
13.5789 22.306 10.9587 0.359801 0.762066 -0.152821 0.977638 0.144463
12.2563 22.071 9.00724 0.322286 0.762066 -0.33802 0.934874 -0.108412
5.57055 22.4316 16.3714 0.359804 0.635283 0.221539 0.969139 -0.108121
9.5684 21.1128 13.9619 0.361467 0.696754 0.037432 0.998936 0.026935
8.29345 20.8422 11.9831 0.321022 0.697365 -0.1519 0.957529 -0.245082
11.5472 14.8515 25.3906 0.632333 0.635283 0.489945 0.526905 0.694496
15.4687 14.79 22.7402 0.632333 0.697365 0.481529 0.527065 0.700238
14.6067 17.2556 21.4082 0.563341 0.69736 0.455425 0.597512 0.659975
9.84525 19.204 22.7713 0.510742 0.635283 0.417894 0.7637 0.492064
13.7014 18.9547 20.0285 0.509892 0.697392 0.367462 0.765017 0.528885
12.4694 20.0416 18.4334 0.462563 0.695533 0.276643 0.882154 0.381146
7.58164 21.675 19.3646 0.418235 0.635283 0.295476 0.950811 0.093014
11.3615 20.9051 16.5212 0.41625 0.697246 0.144845 0.969471 0.197855
9.5684 21.1128 13.9619 0.361467 0.696754 0.037432 0.998936 0.026935
4.24794 22.1967 14.4199 0.322288 0.635283 0.054962 0.926754 -0.371627
8.29345 20.8422 11.9831 0.321022 0.697365 -0.1519 0.957529 -0.245082
5.58442 19.1577 8.01386 0.242639 0.697365 -0.315554 0.815018 -0.485975
8.29345 20.8422 11.9831 0.321022 0.697365 -0.1519 0.957529 -0.245082
12.2563 22.071 9.00724 0.322286 0.762066 -0.33802 0.934874 -0.108412
9.37434 19.8727 4.79408 0.242639 0.762066 -0.438362 0.806844 -0.396033
15.5901 21.5493 13.952 0.418234 0.762066 0.005243 0.957258 0.289187
13.5789 22.306 10.9587 0.359801 0.762066 -0.152821 0.977638 0.144463
9.5684 21.1128 13.9619 0.361467 0.696754 0.037432 0.998936 0.026935
17.8537 19.0783 17.3587 0.510742 0.762066 0.320365 0.764939 0.55878
16.7849 20.5614 15.7429 0.461839 0.762066 0.179748 0.879929 0.439791
12.4694 20.0416 18.4334 0.462563 0.695533 0.276643 0.882154 0.381146
19.5556 14.7258 19.978 0.632333 0.762066 0.473407 0.527166 0.705678
18.7174 17.3106 18.6778 0.56276 0.762066 0.438139 0.599066 0.67019
14.6067 17.2556 21.4082 0.563341 0.69736 0.455425 0.597512 0.659975
-0.649745 14.6581 19.4238 0.563341 0.69736 -0.007505 0.582246 0.812978
3.01956 14.5223 19.6494 0.56276 0.762066 -0.027357 0.58478 0.81073
3.16194 15.858 18.5036 0.510742 0.762066 -0.046131 0.75491 0.654204
-4.1626 14.9612 19.2687 0.562761 0.635283 0.013485 0.582304 0.81286
-0.649745 14.6581 19.4238 0.563341 0.69736 -0.007505 0.582246 0.812978
-0.507175 15.9439 18.2222 0.509892 0.697392 0.009405 0.752287 0.658769
-0.482967 16.7839 16.7366 0.462563 0.695533 0.031721 0.871962 0.488545
3.30613 16.9868 17.085 0.461839 0.762066 -0.080907 0.875262 0.476834
3.43689 17.75 15.4982 0.418234 0.762066 -0.125358 0.959295 0.253058
-3.87604 17.4258 16.7043 0.46184 0.635283 0.143623 0.85999 0.489683
-0.482967 16.7839 16.7366 0.462563 0.695533 0.031721 0.871962 0.488545
-0.250393 17.4502 15.1149 0.41625 0.697246 0.041458 0.963451 0.264659
-0.156442 17.6477 12.7907 0.361467 0.696754 0.060432 0.996107 0.064178
3.61582 18.3603 12.8262 0.359801 0.762066 -0.16294 0.98571 0.04274
3.70021 18.2163 11.0682 0.322286 0.762066 -0.159845 0.949083 -0.271462
-3.56635 18.7992 12.4456 0.359804 0.635283 0.287087 0.955566 0.066902
-0.156442 17.6477 12.7907 0.361467 0.696754 0.060432 0.996107 0.064178
-0.032719 17.4753 11.0372 0.321022 0.697365 0.071846 0.960805 -0.267753
-4.34026 13.0179 20.3796 0.632333 0.635283 -0.004159 0.510443 0.859902
-0.823387 12.803 20.566 0.632333 0.697365 -0.014316 0.51109 0.859408
-0.649745 14.6581 19.4238 0.563341 0.69736 -0.007505 0.582246 0.812978
-4.02023 16.297 18.1229 0.510742 0.635283 0.071709 0.748019 0.659792
-0.507175 15.9439 18.2222 0.509892 0.697392 0.009405 0.752287 0.658769
-0.482967 16.7839 16.7366 0.462563 0.695533 0.031721 0.871962 0.488545
-3.74528 18.189 15.1175 0.418235 0.635283 0.223756 0.936062 0.271516
-0.250393 17.4502 15.1149 0.41625 0.697246 0.041458 0.963451 0.264659
-0.156442 17.6477 12.7907 0.361467 0.696754 0.060432 0.996107 0.064178
-3.48195 18.6554 10.6876 0.322288 0.635283 0.311437 0.918263 -0.24454
-0.032719 17.4753 11.0372 0.321022 0.697365 0.071846 0.960805 -0.267753
0.085489 16.2851 7.43483 0.242639 0.697365 0.080184 0.82364 -0.561416
-0.032719 17.4753 11.0372 0.321022 0.697365 0.071846 0.960805 -0.267753
3.70021 18.2163 11.0682 0.322286 0.762066 -0.159845 0.949083 -0.271462
3.80751 16.6479 7.23529 0.242639 0.762066 -0.072232 0.822668 -0.563915
3.43689 17.75 15.4982 0.418234 0.762066 -0.125358 0.959295 0.253058
3.61582 18.3603 12.8262 0.359801 0.762066 -0.16294 0.98571 0.04274
-0.156442 17.6477 12.7907 0.361467 0.696754 0.060432 0.996107 0.064178
3.16194 15.858 18.5036 0.510742 0.762066 -0.046131 0.75491 0.654204
3.30613 16.9868 17.085 0.461839 0.762066 -0.080907 0.875262 0.476834
-0.482967 16.7839 16.7366 0.462563 0.695533 0.031721 0.871962 0.488545
2.84189 12.579 20.7603 0.632333 0.762066 -0.024059 0.51166 0.858851
3.01956 14.5223 19.6494 0.56276 0.762066 -0.027357 0.58478 0.81073
-0.649745 14.6581 19.4238 0.563341 0.69736 -0.007505 0.582246 0.812978
-9.4219 25.3884 14.4504 0.563341 0.69736 -0.165294 0.870316 0.463927
-6.62602 24.3318 17.6247 0.56276 0.762066 -0.176644 0.876218 0.448374
-5.02078 25.0353 16.4815 0.510742 0.762066 -0.024031 0.955835 0.292918
-12.0395 26.6086 11.4246 0.56276 0.635283 -0.150641 0.865295 0.478092
-9.4219 25.3884 14.4504 0.563341 0.69736 -0.165294 0.870316 0.463927
-7.80916 26.0109 13.2714 0.509892 0.697392 0.010783 0.942378 0.334376
-6.36459 26.0607 11.8561 0.462563 0.695533 0.175186 0.96264 0.206479
-3.35688 25.381 15.1556 0.461839 0.762066 0.104942 0.987086 0.121034
-1.80361 25.2681 13.7579 0.418234 0.762066 0.234866 0.968424 -0.083624
-8.77039 27.6578 8.95556 0.46184 0.635283 0.246484 0.926129 0.285536
-6.36459 26.0607 11.8561 0.462563 0.695533 0.175186 0.96264 0.206479
-4.76016 25.8016 10.5324 0.41625 0.697246 0.346324 0.937378 0.037175
-3.0863 24.7272 8.60909 0.361467 0.696754 0.48315 0.87 -0.098316
0.395992 24.4029 11.5197 0.359801 0.762066 0.334778 0.904745 -0.263364
1.507 23.288 10.1402 0.322286 0.762066 0.467831 0.752803 -0.463057
-5.0176 26.6798 5.31972 0.359804 0.635283 0.619555 0.782246 0.065134
-3.0863 24.7272 8.60909 0.361467 0.696754 0.48315 0.87 -0.098316
-1.96203 23.5746 7.27142 0.321022 0.697365 0.638928 0.709407 -0.297511
-13.9954 25.2781 12.6438 0.632333 0.635283 -0.222565 0.829131 0.512842
-11.3446 24.1632 15.6798 0.632333 0.697365 -0.229037 0.83189 0.50547
-9.4219 25.3884 14.4504 0.563341 0.69736 -0.165294 0.870316 0.463927
-10.4343 27.3121 10.2814 0.510742 0.635283 0.051415 0.924285 0.378224
-7.80916 26.0109 13.2714 0.509892 0.697392 0.010783 0.942378 0.334376
-6.36459 26.0607 11.8561 0.462563 0.695533 0.175186 0.96264 0.206479
-7.2171 27.545 7.55788 0.418235 0.635283 0.456012 0.873395 0.170981
-4.76016 25.8016 10.5324 0.41625 0.697246 0.346324 0.937378 0.037175
-3.0863 24.7272 8.60909 0.361467 0.696754 0.48315 0.87 -0.098316
-1.80361 25.2681 13.7579 0.418234 0.762066 0.234866 0.968424 -0.083624
0.395992 24.4029 11.5197 0.359801 0.762066 0.334778 0.904745 -0.263364
-3.0863 24.7272 8.60909 0.361467 0.696754 0.48315 0.87 -0.098316
-5.02078 25.0353 16.4815 0.510742 0.762066 -0.024031 0.955835 0.292918
-3.35688 25.381 15.1556 0.461839 0.762066 0.104942 0.987086 0.121034
-6.36459 26.0607 11.8561 0.462563 0.695533 0.175186 0.96264 0.206479
-8.58194 23.0013 18.8439 0.632333 0.762066 -0.235224 0.834456 0.49835
-6.62602 24.3318 17.6247 0.56276 0.762066 -0.176644 0.876218 0.448374
-9.4219 25.3884 14.4504 0.563341 0.69736 -0.165294 0.870316 0.463927
8.79017 33.8936 -8.65445 0.563341 0.69736 0.192094 0.980922 -0.029869
4.2489 34.8268 -10.7784 0.56276 0.762066 0.209148 0.977686 -0.019661
3.19301 34.882 -8.57108 0.510742 0.762066 0.142402 0.968916 0.202294
13.1263 33.2188 -6.49158 0.562761 0.635283 0.172718 0.984268 -0.037211
8.79017 33.8936 -8.65445 0.563341 0.69736 0.192094 0.980922 -0.029869
7.71881 33.8464 -6.45447 0.509892 0.697392 0.093319 0.97959 0.178029
6.76637 33.0787 -4.42917 0.462563 0.695533 -0.007415 0.934516 0.355844
2.05139 34.4702 -6.36137 0.461839 0.762066 0.091613 0.909734 0.404959
0.932076 33.5531 -4.38745 0.418234 0.762066 0.039691 0.790921 0.61063
10.9288 32.8623 -2.0746 0.46184 0.635283 -0.107994 0.945694 0.306596
6.76637 33.0787 -4.42917 0.462563 0.695533 -0.007415 0.934516 0.355844
5.52317 32.0612 -2.57724 0.41625 0.697246 -0.110545 0.829235 0.547858
4.22691 29.867 -0.582842 0.361467 0.696754 -0.203892 0.704611 0.67967
-0.739735 31.3916 -1.73609 0.359801 0.762066 -0.003961 0.645781 0.763513
-1.66754 29.4708 -0.535214 0.322286 0.762066 -0.096849 0.407235 0.908174
8.13774 29.7838 2.55059 0.359804 0.635283 -0.404674 0.716977 0.567611
4.22691 29.867 -0.582842 0.361467 0.696754 -0.203892 0.704611 0.67967
3.25792 27.9341 0.56576 0.321022 0.697365 -0.317454 0.458154 0.830252
14.3546 32.5726 -9.27766 0.632333 0.635283 0.21777 0.969668 -0.111
10.0076 33.36 -11.3768 0.632333 0.697365 0.226838 0.968077 -0.106634
8.79017 33.8936 -8.65445 0.563341 0.69736 0.192094 0.980922 -0.029869
12.0704 33.274 -4.28427 0.510742 0.635283 0.037046 0.987661 0.152163
7.71881 33.8464 -6.45447 0.509892 0.697392 0.093319 0.97959 0.178029
6.76637 33.0787 -4.42917 0.462563 0.695533 -0.007415 0.934516 0.355844
9.80947 31.9452 -0.100657 0.418235 0.635283 -0.271293 0.846038 0.458934
5.52317 32.0612 -2.57724 0.41625 0.697246 -0.110545 0.829235 0.547858
4.22691 29.867 -0.582842 0.361467 0.696754 -0.203892 0.704611 0.67967
0.932076 33.5531 -4.38745 0.418234 0.762066 0.039691 0.790921 0.61063
-0.739735 31.3916 -1.73609 0.359801 0.762066 -0.003961 0.645781 0.763513
4.22691 29.867 -0.582842 0.361467 0.696754 -0.203892 0.704611 0.67967
3.19301 34.882 -8.57108 0.510742 0.762066 0.142402 0.968916 0.202294
2.05139 34.4702 -6.36137 0.461839 0.762066 0.091613 0.909734 0.404959
6.76637 33.0787 -4.42917 0.462563 0.695533 -0.007415 0.934516 0.355844
5.47723 34.1806 -13.5645 0.632333 0.762066 0.235515 0.966457 -0.102435
4.2489 34.8268 -10.7784 0.56276 0.762066 0.209148 0.977686 -0.019661
8.79017 33.8936 -8.65445 0.563341 0.69736 0.192094 0.980922 -0.029869
17.8171 18.3856 0.000292 0.563341 0.69736 0.680987 0.732295 -1e-06
17.83 18.4783 -3.67726 0.56276 0.762066 0.679557 0.733348 0.020058
16.4367 19.5627 -3.67726 0.510742 0.762066 0.494084 0.867517 0.057406
17.83 18.4783 3.52837 0.562761 0.635283 0.679518 0.73336 -0.020911
17.8171 18.3856 0.000292 0.563341 0.69736 0.680987 0.732295 -1e-06
16.3789 19.4098 0 0.509892 0.697392 0.495517 0.868597 0.001651
14.7583 19.9352 0.105543 0.462563 0.695533 0.303967 0.952673 -0.004308
14.817 20.3899 -3.67726 0.461839 0.762066 0.299058 0.948015 0.108772
13.1059 20.825 -3.67726 0.418234 0.762066 0.066411 0.9832 0.170022
14.8171 20.3899 3.52837 0.46184 0.635283 0.300289 0.946691 -0.116633
14.7583 19.9352 0.105543 0.462563 0.695533 0.303967 0.952673 -0.004308
13.0256 20.2735 0 0.41625 0.697246 0.066279 0.997795 0.00339
10.707 20.0055 0.041184 0.361467 0.696754 -0.1375 0.990497 -0.00294
10.3601 20.8954 -3.67726 0.359801 0.762066 -0.142147 0.965041 0.220204
8.66327 20.4063 -3.67726 0.322286 0.762066 -0.4425 0.866376 0.231488
10.3603 20.8954 3.52837 0.359804 0.635283 -0.141326 0.962522 -0.23147
10.707 20.0055 0.041184 0.361467 0.696754 -0.1375 0.990497 -0.00294
9.0177 19.4914 -0 0.321022 0.697365 -0.45599 0.889985 0.00107
19.3114 16.7908 3.52837 0.632333 0.635283 0.740837 0.671607 -0.010189
19.3114 16.7908 -0 0.632333 0.697365 0.740876 0.671642 1e-06
17.8171 18.3856 0.000292 0.563341 0.69736 0.680987 0.732295 -1e-06
16.4367 19.5627 3.52837 0.510742 0.635283 0.493377 0.867691 -0.060762
16.3789 19.4098 0 0.509892 0.697392 0.495517 0.868597 0.001651
14.7583 19.9352 0.105543 0.462563 0.695533 0.303967 0.952673 -0.004308
13.1059 20.825 3.52837 0.418235 0.635283 0.066737 0.981337 -0.180344
13.0256 20.2735 0 0.41625 0.697246 0.066279 0.997795 0.00339
10.707 20.0055 0.041184 0.361467 0.696754 -0.1375 0.990497 -0.00294
8.66336 20.4064 3.52837 0.322288 0.635283 -0.440203 0.864795 -0.241558
9.0177 19.4914 -0 0.321022 0.697365 -0.45599 0.889985 0.00107
5.72067 17.6106 -0 0.242639 0.697365 -0.71676 0.69732 -8.2e-05
9.0177 19.4914 -0 0.321022 0.697365 -0.45599 0.889985 0.00107
8.66327 20.4063 -3.67726 0.322286 0.762066 -0.4425 0.866376 0.231488
5.21606 18.1086 -3.67726 0.242639 0.762066 -0.709273 0.688372 0.15191
13.1059 20.825 -3.67726 0.418234 0.762066 0.066411 0.9832 0.170022
10.3601 20.8954 -3.67726 0.359801 0.762066 -0.142147 0.965041 0.220204
10.707 20.0055 0.041184 0.361467 0.696754 -0.1375 0.990497 -0.00294
16.4367 19.5627 -3.67726 0.510742 0.762066 0.494084 0.867517 0.057406
14.817 20.3899 -3.67726 0.461839 0.762066 0.299058 0.948015 0.108772
14.7583 19.9352 0.105543 0.462563 0.695533 0.303967 0.952673 -0.004308
19.3114 16.7908 -3.67726 0.632333 0.762066 0.740841 0.671609 0.009775
17.83 18.4783 -3.67726 0.56276 0.762066 0.679557 0.733348 0.020058
17.8171 18.3856 0.000292 0.563341 0.69736 0.680987 0.732295 -1e-06
-0.4623 20.3308 -16.5757 0.563341 0.69736 0.030744 0.801413 -0.597321
-4.07384 20.8844 -16.1473 0.56276 0.762066 0.050798 0.799769 -0.598155
-3.78155 21.7889 -14.6595 0.510742 0.762066 0.125099 0.905477 -0.405539
3.02482 19.9817 -16.9931 0.562761 0.635283 0.010442 0.804909 -0.593306
-0.4623 20.3308 -16.5757 0.563341 0.69736 0.030744 0.801413 -0.597321
-0.173974 21.1709 -15.0498 0.509892 0.697392 0.070173 0.913694 -0.400299
0.168754 21.4848 -13.4074 0.462563 0.695533 0.095545 0.974766 -0.201747
-3.50138 22.4136 -12.9746 0.461839 0.762066 0.206811 0.955435 -0.210649
-3.26573 22.6412 -11.2397 0.418234 0.762066 0.295892 0.955095 0.015576
3.59727 21.5109 -13.8204 0.46184 0.635283 -0.015558 0.982513 -0.185545
0.168754 21.4848 -13.4074 0.462563 0.695533 0.095545 0.974766 -0.201747
0.289329 21.6278 -11.6487 0.41625 0.697246 0.133755 0.990332 0.036765
0.531269 21.0863 -9.39088 0.361467 0.696754 0.147451 0.959997 0.238041
-2.97395 22.388 -8.52032 0.359801 0.762066 0.364259 0.906419 0.213823
-2.86688 21.7069 -6.89456 0.322286 0.762066 0.392665 0.772523 0.499021
4.12469 21.4853 -9.3662 0.359804 0.635283 -0.081141 0.960617 0.265765
0.531269 21.0863 -9.39088 0.361467 0.696754 0.147451 0.959997 0.238041
0.59355 20.3865 -7.77037 0.321022 0.697365 0.1703 0.823062 0.541818
2.64055 18.4932 -18.6298 0.632333 0.635283 0.006212 0.749934 -0.661483
-0.835443 18.9352 -18.2157 0.632333 0.697365 0.016251 0.748696 -0.662714
-0.4623 20.3308 -16.5757 0.563341 0.69736 0.030744 0.801413 -0.597321
3.31711 20.8862 -15.5052 0.510742 0.635283 0.008781 0.920369 -0.390953
-0.173974 21.1709 -15.0498 0.509892 0.697392 0.070173 0.913694 -0.400299
0.168754 21.4848 -13.4074 0.462563 0.695533 0.095545 0.974766 -0.201747
3.83292 21.7386 -12.0854 0.418235 0.635283 -0.049563 0.997189 0.056186
0.289329 21.6278 -11.6487 0.41625 0.697246 0.133755 0.990332 0.036765
0.531269 21.0863 -9.39088 0.361467 0.696754 0.147451 0.959997 0.238041
4.23178 20.8043 -7.74037 0.322288 0.635283 -0.073813 0.830496 0.552112
0.59355 20.3865 -7.77037 0.321022 0.697365 0.1703 0.823062 0.541818
0.673634 18.1464 -4.70718 0.242639 0.697365 0.16946 0.602771 0.779711
0.59355 20.3865 -7.77037 0.321022 0.697365 0.1703 0.823062 0.541818
-2.86688 21.7069 -6.89456 0.322286 0.762066 0.392665 0.772523 0.499021
-2.8287 19.0384 -3.72592 0.242639 0.762066 0.317197 0.575795 0.753556
-3.26573 22.6412 -11.2397 0.418234 0.762066 0.295892 0.955095 0.015576
-2.97395 22.388 -8.52032 0.359801 0.762066 0.364259 0.906419 0.213823
0.531269 21.0863 -9.39088 0.361467 0.696754 0.147451 0.959997 0.238041
-3.78155 21.7889 -14.6595 0.510742 0.762066 0.125099 0.905477 -0.405539
-3.50138 22.4136 -12.9746 0.461839 0.762066 0.206811 0.955435 -0.210649
0.168754 21.4848 -13.4074 0.462563 0.695533 0.095545 0.974766 -0.201747
-4.45811 19.3959 -17.7841 0.632333 0.762066 0.02588 0.747436 -0.66383
-4.07384 20.8844 -16.1473 0.56276 0.762066 0.050798 0.799769 -0.598155
-0.4623 20.3308 -16.5757 0.563341 0.69736 0.030744 0.801413 -0.597321
-10.5412 28.1267 -17.3604 0.563341 0.69736 -0.241448 0.883058 -0.402383
-14.8748 28.285 -14.6772 0.56276 0.762066 -0.223492 0.883591 -0.411484
-13.6897 29.2395 -12.7603 0.510742 0.762066 -0.079292 0.965206 -0.249181
-6.36639 28.2273 -19.9091 0.562761 0.635283 -0.258369 0.883829 -0.38999
-10.5412 28.1267 -17.3604 0.563341 0.69736 -0.241448 0.883058 -0.402383
-9.33674 28.9847 -15.4103 0.509892 0.697392 -0.127358 0.96694 -0.220923
-7.97623 29.1085 -13.4784 0.462563 0.695533 -0.023981 0.998839 -0.04178
-12.396 29.7688 -10.6623 0.461839 0.762066 0.074171 0.992421 -0.097976
-11.1142 29.7402 -8.57741 0.418234 0.762066 0.248711 0.966101 0.069226
-3.88754 29.7111 -15.8942 0.46184 0.635283 -0.118643 0.992759 0.018789
-7.97623 29.1085 -13.4784 0.462563 0.695533 -0.023981 0.998839 -0.04178
-6.82274 28.9434 -11.3214 0.41625 0.697246 0.108876 0.98113 0.159778
-5.20339 27.7557 -8.78386 0.361467 0.696754 0.20534 0.921594 0.329394
-9.17903 28.8534 -5.42062 0.359801 0.762066 0.394208 0.894513 0.210825
-8.0863 27.5922 -3.62965 0.322286 0.762066 0.537921 0.735422 0.412063
-0.670681 28.7958 -10.6527 0.359804 0.635283 0.008694 0.894897 0.446189
-5.20339 27.7557 -8.78386 0.361467 0.696754 0.20534 0.921594 0.329394
-4.16946 26.464 -6.9792 0.321022 0.697365 0.345609 0.758213 0.552872
-7.72995 26.4964 -22.1076 0.632333 0.635283 -0.288822 0.839906 -0.4595
-11.8963 26.5246 -19.5456 0.632333 0.697365 -0.280157 0.83989 -0.464862
-10.5412 28.1267 -17.3604 0.563341 0.69736 -0.241448 0.883058 -0.402383
-5.18121 29.1818 -17.9922 0.510742 0.635283 -0.179571 0.965873 -0.186665
-9.33674 28.9847 -15.4103 0.509892 0.697392 -0.127358 0.96694 -0.220923
-7.97623 29.1085 -13.4784 0.462563 0.695533 -0.023981 0.998839 -0.04178
-2.60573 29.6826 -13.8094 0.418235 0.635283 -0.050165 0.966406 0.252075
-6.82274 28.9434 -11.3214 0.41625 0.697246 0.108876 0.98113 0.159778
-5.20339 27.7557 -8.78386 0.361467 0.696754 0.20534 0.921594 0.329394
-11.1142 29.7402 -8.57741 0.418234 0.762066 0.248711 0.966101 0.069226
-9.17903 28.8534 -5.42062 0.359801 0.762066 0.394208 0.894513 0.210825
-5.20339 27.7557 -8.78386 0.361467 0.696754 0.20534 0.921594 0.329394
-13.6897 29.2395 -12.7603 0.510742 0.762066 -0.079292 0.965206 -0.249181
-12.396 29.7688 -10.6623 0.461839 0.762066 0.074171 0.992421 -0.097976
-7.97623 29.1085 -13.4784 0.462563 0.695533 -0.023981 0.998839 -0.04178
-16.2384 26.554 -16.8756 0.632333 0.762066 -0.271818 0.839794 -0.469959
-14.8748 28.285 -14.6772 0.56276 0.762066 -0.223492 0.883591 -0.411484
-10.5412 28.1267 -17.3604 0.563341 0.69736 -0.241448 0.883058 -0.402383
-2.82448 23.9095 -4.68884 0.265972 0.697365 0.419217 0.610237 0.672211
-6.66118 24.4706 -1.27766 0.264589 0.762066 0.58836 0.592881 0.54984
-5.91075 21.7544 -0.027343 0.222148 0.762066 0.583998 0.386489 0.713844
1.84728 24.413 -6.50957 0.264588 0.635283 0.224481 0.594579 0.772064
-2.82448 23.9095 -4.68884 0.265972 0.697365 0.419217 0.610237 0.672211
-1.9679 21.2719 -3.34171 0.221731 0.697365 0.484217 0.387974 0.784226
2.59771 21.6968 -5.25927 0.222148 0.635283 0.373095 0.387254 0.84311
-1.9679 21.2719 -3.34171 0.221731 0.697365 0.484217 0.387974 0.784226
-0.786644 15.9856 -1.36243 0.145216 0.697365 0.507238 0.258745 0.822047
-1.9679 21.2719 -3.34171 0.221731 0.697365 0.484217 0.387974 0.784226
-5.91075 21.7544 -0.027343 0.222148 0.762066 0.583998 0.386489 0.713844
-5.12878 16.015 1.30759 0.145216 0.762066 0.538095 0.25836 0.802312
0.422109 27.5346 -8.86166 0.322288 0.635283 0.122374 0.738185 0.663406
-4.16946 26.464 -6.9792 0.321022 0.697365 0.345609 0.758213 0.552872
-2.82448 23.9095 -4.68884 0.265972 0.697365 0.419217 0.610237 0.672211
-8.0863 27.5922 -3.62965 0.322286 0.762066 0.537921 0.735422 0.412063
-6.66118 24.4706 -1.27766 0.264589 0.762066 0.58836 0.592881 0.54984
-2.82448 23.9095 -4.68884 0.265972 0.697365 0.419217 0.610237 0.672211
2.07326 24.6301 1.68827 0.265972 0.697365 -0.376897 0.271198 0.885664
-2.846 25.6061 0.455613 0.264589 0.762066 -0.184214 0.228545 0.955946
-3.44365 22.5835 0.559506 0.222148 0.762066 -0.32039 0.002946 0.947281
6.03137 23.9981 4.74243 0.264588 0.635283 -0.562541 0.296956 0.771599
2.07326 24.6301 1.68827 0.265972 0.697365 -0.376897 0.271198 0.885664
1.44529 21.6231 1.9523 0.221731 0.697365 -0.432242 0.020482 0.901525
5.43373 20.9755 4.84631 0.222148 0.635283 -0.540058 0.042288 0.840565
1.44529 21.6231 1.9523 0.221731 0.697365 -0.432242 0.020482 0.901525
0.526117 15.9346 1.72207 0.145216 0.697365 -0.448706 -0.114274 0.886344
1.44529 21.6231 1.9523 0.221731 0.697365 -0.432242 0.020482 0.901525
-3.44365 22.5835 0.559506 0.222148 0.762066 -0.32039 0.002946 0.947281
-4.00429 16.7551 -0.465622 0.145216 0.762066 -0.415854 -0.120093 0.901467
7.20989 27.8631 3.75156 0.322288 0.635283 -0.526839 0.486672 0.696844
3.25792 27.9341 0.56576 0.321022 0.697365 -0.317454 0.458154 0.830252
2.07326 24.6301 1.68827 0.265972 0.697365 -0.376897 0.271198 0.885664
-1.66754 29.4708 -0.535214 0.322286 0.762066 -0.096849 0.407235 0.908174
-2.846 25.6061 0.455613 0.264589 0.762066 -0.184214 0.228545 0.955946
2.07326 24.6301 1.68827 0.265972 0.697365 -0.376897 0.271198 0.885664
-0.861428 21.6893 5.67975 0.273689 0.697365 0.723037 0.534519 -0.437615
2.54998 20.9564 8.37331 0.271905 0.762066 0.579064 0.574826 -0.578151
3.14216 17.9039 6.73532 0.215318 0.762066 0.677356 0.384678 -0.627066
-2.86349 23.2332 2.17321 0.271905 0.635283 0.843055 0.462861 -0.273894
-0.861428 21.6893 5.67975 0.273689 0.697365 0.723037 0.534519 -0.437615
-0.161668 18.7285 3.91986 0.214761 0.697365 0.765817 0.35096 -0.538844
-2.27132 20.1807 0.535233 0.215317 0.635283 0.842776 0.314216 -0.437032
-0.161668 18.7285 3.91986 0.214761 0.697365 0.765817 0.35096 -0.538844
0.344364 14.709 2.00193 0.145216 0.697365 0.773353 0.206601 -0.599368
-0.161668 18.7285 3.91986 0.214761 0.697365 0.765817 0.35096 -0.538844
3.14216 17.9039 6.73532 0.215318 0.762066 0.677356 0.384678 -0.627066
3.10703 13.547 5.16603 0.145216 0.762066 0.751782 0.215378 -0.623247
-3.90652 25.5649 3.94018 0.322288 0.635283 0.775416 0.622725 -0.104613
-1.96203 23.5746 7.27142 0.321022 0.697365 0.638928 0.709407 -0.297511
-0.861428 21.6893 5.67975 0.273689 0.697365 0.723037 0.534519 -0.437615
1.507 23.288 10.1402 0.322286 0.762066 0.467831 0.752803 -0.463057
2.54998 20.9564 8.37331 0.271905 0.762066 0.579064 0.574826 -0.578151
-0.861428 21.6893 5.67975 0.273689 0.697365 0.723037 0.534519 -0.437615
14.956 20.365 7.10421 0.563341 0.69736 0.516419 0.802526 0.29877
16.2067 20.9267 3.6905 0.56276 0.762066 0.508092 0.800834 0.317028
14.745 21.8275 3.27906 0.510742 0.762066 0.302395 0.905972 0.296262
13.7512 20.0081 10.4023 0.562761 0.635283 0.522016 0.806065 0.278852
14.956 20.365 7.10421 0.563341 0.69736 0.516419 0.802526 0.29877
13.4624 21.2013 6.67193 0.509892 0.697392 0.322554 0.914316 0.24492
11.8418 21.5111 6.23476 0.462563 0.695533 0.133838 0.974927 0.177779
13.1139 22.4482 2.76728 0.461839 0.762066 0.091484 0.955337 0.281003
11.4595 22.6718 2.19262 0.418234 0.762066 -0.150563 0.954322 0.258069
10.6585 21.5295 9.47906 0.46184 0.635283 0.169643 0.982917 0.071381
11.8418 21.5111 6.23476 0.462563 0.695533 0.133838 0.974927 0.177779
10.2185 21.6503 5.54664 0.41625 0.697246 -0.096191 0.989921 0.103941
8.09713 21.1037 4.73995 0.361467 0.696754 -0.281789 0.95915 0.025033
8.9032 22.4124 1.22192 0.359801 0.762066 -0.358146 0.905081 0.229261
7.40695 21.7277 0.580825 0.322286 0.762066 -0.624937 0.770545 0.125358
6.44789 21.4937 7.93375 0.359804 0.635283 -0.203072 0.960283 -0.191359
8.09713 21.1037 4.73995 0.361467 0.696754 -0.281789 0.95915 0.025033
6.62589 20.4005 4.06125 0.321022 0.697365 -0.562625 0.82155 -0.092237
15.389 18.5238 10.7983 0.632333 0.635283 0.584887 0.751237 0.30586
16.5914 18.9737 7.51175 0.632333 0.697365 0.581445 0.749976 0.315368
14.956 20.365 7.10421 0.563341 0.69736 0.516419 0.802526 0.29877
12.2896 20.9089 9.99083 0.510742 0.635283 0.341982 0.921124 0.185953
13.4624 21.2013 6.67193 0.509892 0.697392 0.322554 0.914316 0.24492
11.8418 21.5111 6.23476 0.462563 0.695533 0.133838 0.974927 0.177779
9.00404 21.7531 8.9044 0.418235 0.635283 -0.030574 0.997196 -0.068312
10.2185 21.6503 5.54664 0.41625 0.697246 -0.096191 0.989921 0.103941
8.09713 21.1037 4.73995 0.361467 0.696754 -0.281789 0.95915 0.025033
4.95157 20.8092 7.29264 0.322288 0.635283 -0.461361 0.829572 -0.314574
6.62589 20.4005 4.06125 0.321022 0.697365 -0.562625 0.82155 -0.092237
3.86457 18.1541 2.74357 0.242639 0.697365 -0.773746 0.600788 -0.200927
6.62589 20.4005 4.06125 0.321022 0.697365 -0.562625 0.82155 -0.092237
7.40695 21.7277 0.580825 0.322286 0.762066 -0.624937 0.770545 0.125358
4.5718 19.0528 -0.822513 0.242639 0.762066 -0.817196 0.573496 -0.057382
11.4595 22.6718 2.19262 0.418234 0.762066 -0.150563 0.954322 0.258069
8.9032 22.4124 1.22192 0.359801 0.762066 -0.358146 0.905081 0.229261
8.09713 21.1037 4.73995 0.361467 0.696754 -0.281789 0.95915 0.025033
14.745 21.8275 3.27906 0.510742 0.762066 0.302395 0.905972 0.296262
13.1139 22.4482 2.76728 0.461839 0.762066 0.091484 0.955337 0.281003
11.8418 21.5111 6.23476 0.462563 0.695533 0.133838 0.974927 0.177779
17.8445 19.4425 4.08652 0.632333 0.762066 0.578087 0.748694 0.324459
16.2067 20.9267 3.6905 0.56276 0.762066 0.508092 0.800834 0.317028
14.956 20.365 7.10421 0.563341 0.69736 0.516419 0.802526 0.29877
-15.9238 15.0137 6.82738 0.563341 0.69736 -0.674486 0.596049 0.435653
-15.2298 13.7219 9.8292 0.56276 0.762066 -0.677345 0.605358 0.418025
-14.0052 14.7415 10.0075 0.510742 0.762066 -0.505625 0.760862 0.406733
-16.6141 16.4004 4.02138 0.562761 0.635283 -0.668641 0.588602 0.454386
-15.9238 15.0137 6.82738 0.563341 0.69736 -0.674486 0.596049 0.435653
-14.6587 15.9877 6.97535 0.509892 0.697392 -0.495245 0.738876 0.45694
-13.2465 16.6068 6.81625 0.462563 0.695533 -0.307812 0.831833 0.461851
-12.577 15.5698 10.0491 0.461839 0.762066 -0.326878 0.874386 0.35861
-11.0631 16.0835 9.92521 0.418234 0.762066 -0.112902 0.954619 0.275602
-13.9613 18.2483 4.2413 0.46184 0.635283 -0.280383 0.780797 0.558338
-13.2465 16.6068 6.81625 0.462563 0.695533 -0.307812 0.831833 0.461851
-11.6922 17.0035 6.73674 0.41625 0.697246 -0.077703 0.899663 0.429616
-9.63921 17.0085 6.20762 0.361467 0.696754 0.122878 0.910822 0.394087
-8.62693 16.3907 9.48624 0.359801 0.762066 0.080527 0.979537 0.184451
-7.11549 16.1419 9.01127 0.322286 0.762066 0.372879 0.924699 0.076765
-10.0113 19.0692 3.67845 0.359804 0.635283 0.175302 0.792292 0.584417
-9.63921 17.0085 6.20762 0.361467 0.696754 0.122878 0.910822 0.394087
-8.12633 16.7232 5.75756 0.321022 0.697365 0.434517 0.853143 0.28869
-17.346 18.7404 -2.9275 0.56073 0.69736 -0.714401 0.698424 0.042832
-18.8784 17.1072 -0.008932 0.560202 0.762066 -0.705332 0.708297 0.028659
-17.8651 17.8677 0.973907 0.512962 0.762066 -0.528718 0.836164 0.145899
-15.9269 20.4725 -5.65558 0.560202 0.635283 -0.721556 0.68977 0.059782
-17.346 18.7404 -2.9275 0.56073 0.69736 -0.714401 0.698424 0.042832
-16.289 19.4492 -1.95221 0.51219 0.69739 -0.554021 0.810208 0.191371
-14.7276 19.8662 -1.00985 0.460259 0.695701 -0.409474 0.860297 0.303677
-16.388 18.5137 2.13096 0.459602 0.762066 -0.359258 0.90761 0.217203
-15.0369 18.7309 2.96664 0.420002 0.762066 -0.110721 0.950946 0.288864
-13.4366 21.8789 -3.51571 0.459603 0.635283 -0.45038 0.803672 0.388933
-14.7276 19.8662 -1.00985 0.460259 0.695701 -0.409474 0.860297 0.303677
-13.3865 19.9596 -0.130888 0.418201 0.697257 -0.181916 0.88505 0.428477
-11.0914 19.5282 0.763917 0.359501 0.69681 -0.016882 0.861257 0.507889
-12.416 18.5517 4.22981 0.357988 0.762066 0.0813 0.942101 0.325325
-10.9665 18.0312 4.67724 0.323919 0.762066 0.386312 0.830254 0.401798
-9.4646 21.917 -1.4169 0.357991 0.635283 -0.102413 0.730933 0.674721
-11.0914 19.5282 0.763917 0.359501 0.69681 -0.016882 0.861257 0.507889
-9.66052 18.9708 1.22737 0.322768 0.697365 0.301228 0.742269 0.59858
-17.9101 14.8761 3.62726 0.632333 0.635283 -0.730079 0.530859 0.430318
-17.2322 13.5645 6.47117 0.632333 0.697365 -0.732273 0.535057 0.421295
-15.9238 15.0137 6.82738 0.563341 0.69736 -0.674486 0.596049 0.435653
-15.3895 17.42 4.19971 0.510742 0.635283 -0.479939 0.712721 0.511554
-14.6587 15.9877 6.97535 0.509892 0.697392 -0.495245 0.738876 0.45694
-13.2465 16.6068 6.81625 0.462563 0.695533 -0.307812 0.831833 0.461851
-12.4474 18.762 4.11739 0.418235 0.635283 -0.039083 0.809484 0.585839
-11.6922 17.0035 6.73674 0.41625 0.697246 -0.077703 0.899663 0.429616
-9.63921 17.0085 6.20762 0.361467 0.696754 0.122878 0.910822 0.394087
-8.49983 18.8205 3.2035 0.322288 0.635283 0.470723 0.729409 0.49637
-8.12633 16.7232 5.75756 0.321022 0.697365 0.434517 0.853143 0.28869
-5.17921 15.4734 4.47876 0.242639 0.697365 0.691967 0.70401 0.159847
-8.12633 16.7232 5.75756 0.321022 0.697365 0.434517 0.853143 0.28869
-7.11549 16.1419 9.01127 0.322286 0.762066 0.372879 0.924699 0.076765
-4.03045 14.5625 7.54753 0.242639 0.762066 0.652607 0.75736 0.022579
-11.0631 16.0835 9.92521 0.418234 0.762066 -0.112902 0.954619 0.275602
-8.62693 16.3907 9.48624 0.359801 0.762066 0.080527 0.979537 0.184451
-9.63921 17.0085 6.20762 0.361467 0.696754 0.122878 0.910822 0.394087
-14.0052 14.7415 10.0075 0.510742 0.762066 -0.505625 0.760862 0.406733
-12.577 15.5698 10.0491 0.461839 0.762066 -0.326878 0.874386 0.35861
-13.2465 16.6068 6.81625 0.462563 0.695533 -0.307812 0.831833 0.461851
-16.5258 12.1976 9.43508 0.632333 0.762066 -0.734306 0.539033 0.412599
-15.2298 13.7219 9.8292 0.56276 0.762066 -0.677345 0.605358 0.418025
-15.9238 15.0137 6.82738 0.563341 0.69736 -0.674486 0.596049 0.435653
-17.084 19.0616 -7.10128 0.632333 0.635283 -0.761204 0.648509 0.002106
-18.5292 17.4137 -4.33629 0.632333 0.697365 -0.756917 0.653482 -0.006178
-17.346 18.7404 -2.9275 0.56073 0.69736 -0.714401 0.698424 0.042832
-14.9136 21.233 -4.67274 0.512962 0.635283 -0.578365 0.778926 0.242421
-16.289 19.4492 -1.95221 0.51219 0.69739 -0.554021 0.810208 0.191371
-14.7276 19.8662 -1.00985 0.460259 0.695701 -0.409474 0.860297 0.303677
-12.0854 22.0962 -2.68001 0.420003 0.635283 -0.256138 0.783635 0.565959
-13.3865 19.9596 -0.130888 0.418201 0.697257 -0.181916 0.88505 0.428477
-11.0914 19.5282 0.763917 0.359501 0.69681 -0.016882 0.861257 0.507889
-8.01513 21.3965 -0.96942 0.323921 0.635283 0.191091 0.608544 0.770168
-9.66052 18.9708 1.22737 0.322768 0.697365 0.301228 0.742269 0.59858
-6.3672 16.993 1.77004 0.242639 0.697365 0.554116 0.554945 0.620477
-9.66052 18.9708 1.22737 0.322768 0.697365 0.301228 0.742269 0.59858
-10.9665 18.0312 4.67724 0.323919 0.762066 0.386312 0.830254 0.401798
-7.48318 15.6715 5.09166 0.242639 0.762066 0.611064 0.618986 0.493414
-15.0369 18.7309 2.96664 0.420002 0.762066 -0.110721 0.950946 0.288864
-12.416 18.5517 4.22981 0.357988 0.762066 0.0813 0.942101 0.325325
-11.0914 19.5282 0.763917 0.359501 0.69681 -0.016882 0.861257 0.507889
-17.8651 17.8677 0.973907 0.512962 0.762066 -0.528718 0.836164 0.145899
-16.388 18.5137 2.13096 0.459602 0.762066 -0.359258 0.90761 0.217203
-14.7276 19.8662 -1.00985 0.460259 0.695701 -0.409474 0.860297 0.303677
-20.0355 15.6963 -1.45463 0.632333 0.762066 -0.752725 0.658184 -0.014125
-18.8784 17.1072 -0.008932 0.560202 0.762066 -0.705332 0.708297 0.028659
-17.346 18.7404 -2.9275 0.56073 0.69736 -0.714401 0.698424 0.042832
